th_min = [0.0101, 0, 0, 14.5];
th_max = [0.0123, 1, 750, 16.5];

a = (th_max-th_min)